
===Naive String Search===

My birthDay : 980802

66 no of matches found.

Matching Locations : 
2114281
6168517
6967926
7101919
8092684
9175720
11727369
11843564
12664051
13262877
13688333
14610178
14885020
16532590
17130111
18204619
18642512
18758625
20981942
22004462
22007943
23374921
24930529
34270989
35408589
35990994
36144136
37378658
38219933
44008756
46943704
48452855
50222944
52956124
54113235
58524586
59895284
60051975
62937536
63543420
63752866
64020203
64160440
64472338
67350326
67709632
70398606
70965330
74387587
79879610
81511912
82107153
82502281
83057585
85904875
89058587
89228645
89317188
90956309
91051330
93302485
95686758
96811031
97126574
98511688
99891460

===KMP String Search===

My birthDay : 980802

66 no of matches found.

Matching Locations : 
2114281
6168517
6967926
7101919
8092684
9175720
11727369
11843564
12664051
13262877
13688333
14610178
14885020
16532590
17130111
18204619
18642512
18758625
20981942
22004462
22007943
23374921
24930529
34270989
35408589
35990994
36144136
37378658
38219933
44008756
46943704
48452855
50222944
52956124
54113235
58524586
59895284
60051975
62937536
63543420
63752866
64020203
64160440
64472338
67350326
67709632
70398606
70965330
74387587
79879610
81511912
82107153
82502281
83057585
85904875
89058587
89228645
89317188
90956309
91051330
93302485
95686758
96811031
97126574
98511688
99891460

===Rabin Karp String Search===

My birthDay : 980802

66 no of matches found.

Matching Locations : 
2114281
6168517
6967926
7101919
8092684
9175720
11727369
11843564
12664051
13262877
13688333
14610178
14885020
16532590
17130111
18204619
18642512
18758625
20981942
22004462
22007943
23374921
24930529
34270989
35408589
35990994
36144136
37378658
38219933
44008756
46943704
48452855
50222944
52956124
54113235
58524586
59895284
60051975
62937536
63543420
63752866
64020203
64160440
64472338
67350326
67709632
70398606
70965330
74387587
79879610
81511912
82107153
82502281
83057585
85904875
89058587
89228645
89317188
90956309
91051330
93302485
95686758
96811031
97126574
98511688
99891460

===Boyer Moore String Search===

My birthDay : 980802

66 no of matches found.

Matching Locations : 
2114281
6168517
6967926
7101919
8092684
9175720
11727369
11843564
12664051
13262877
13688333
14610178
14885020
16532590
17130111
18204619
18642512
18758625
20981942
22004462
22007943
23374921
24930529
34270989
35408589
35990994
36144136
37378658
38219933
44008756
46943704
48452855
50222944
52956124
54113235
58524586
59895284
60051975
62937536
63543420
63752866
64020203
64160440
64472338
67350326
67709632
70398606
70965330
74387587
79879610
81511912
82107153
82502281
83057585
85904875
89058587
89228645
89317188
90956309
91051330
93302485
95686758
96811031
97126574
98511688
99891460
